#mH (GeV)     Cross Section (pb)  +QCD scale %    -QCD scale %    +(PDF+αs) %     -(PDF+αs) %     σ(gg→ ZH) (fb)
80.0     1.508   +1.9    -1.9    +2.1    -2.1    51.69
81.0     1.459   +1.9    -1.9    +2.1    -2.1    51.20
82.0     1.411   +2.0    -2.0    +2.1    -2.1    50.71
83.0     1.366   +2.0    -2.0    +2.1    -2.1    50.22
84.0     1.321   +2.0    -2.0    +2.1    -2.1    49.74
85.0     1.281   +2.0    -2.0    +2.1    -2.1    49.28
86.0     1.238   +2.1    -2.1    +2.1    -2.1    48.65
87.0     1.200   +2.1    -2.1    +2.1    -2.1    48.20
88.0     1.163   +2.1    -2.1    +2.2    -2.2    47.75
89.0     1.126   +2.1    -2.1    +2.2    -2.2    47.28
90.0     1.092   +2.1    -2.1    +2.2    -2.2    46.85
91.0     1.059   +2.2    -2.2    +2.2    -2.2    46.41
92.0     1.028   +2.2    -2.2    +2.2    -2.2    45.99
93.0     0.9965  +2.2    -2.2    +2.2    -2.2    45.72
94.0     0.9670  +2.2    -2.2    +2.3    -2.3    45.11
95.0     0.9383  +2.3    -2.3    +2.3    -2.3    44.67
96.0     0.9109  +2.3    -2.3    +2.3    -2.3    44.22
97.0     0.8840  +2.3    -2.3    +2.3    -2.3    43.79
98.0     0.8592  +2.3    -2.3    +2.3    -2.3    43.36
99.0     0.8340  +2.4    -2.4    +2.3    -2.3    42.94
100.0    0.8102  +2.4    -2.4    +2.3    -2.3    42.51
101.0    0.7876  +2.4    -2.4    +2.3    -2.3    42.09
102.0    0.7650  +2.4    -2.4    +2.3    -2.3    41.66
103.0    0.7436  +2.5    -2.5    +2.3    -2.3    41.23
104.0    0.7226  +2.5    -2.5    +2.3    -2.3    40.81
105.0    0.7022  +2.5    -2.5    +2.3    -2.3    40.39
106.0    0.6833  +2.6    -2.6    +2.4    -2.4    39.97
107.0    0.6646  +2.6    -2.6    +2.4    -2.4    39.58
108.0    0.6469  +2.6    -2.6    +2.4    -2.4    39.20
109.0    0.6296  +2.7    -2.7    +2.4    -2.4    38.81
110.0    0.6125  +2.7    -2.7    +2.4    -2.4    38.40
110.5    0.6040  +2.7    -2.7    +2.4    -2.4    38.20
111.0    0.5960  +2.7    -2.7    +2.4    -2.4    37.99
111.5    0.5880  +2.8    -2.8    +2.4    -2.4    37.79
112.0    0.5803  +2.8    -2.8    +2.4    -2.4    37.58
112.5    0.5725  +2.8    -2.8    +2.4    -2.4    37.38
113.0    0.5646  +2.8    -2.8    +2.4    -2.4    37.18
113.5    0.5573  +2.8    -2.8    +2.4    -2.4    36.98
114.0    0.5501  +2.8    -2.8    +2.4    -2.4    36.76
114.5    0.5427  +2.8    -2.8    +2.4    -2.4    36.55
115.0    0.5358  +2.8    -2.8    +2.5    -2.5    36.34
115.5    0.5286  +2.8    -2.8    +2.5    -2.5    36.11
116.0    0.5218  +2.9    -2.9    +2.5    -2.5    35.84
116.5    0.5152  +2.9    -2.9    +2.5    -2.5    35.75
117.0    0.5083  +2.9    -2.9    +2.5    -2.5    35.56
117.5    0.5020  +3.0    -3.0    +2.5    -2.5    35.37
118.0    0.4956  +3.0    -3.0    +2.5    -2.5    35.17
118.5    0.4893  +3.0    -3.0    +2.5    -2.5    34.97
119.0    0.4829  +3.0    -3.0    +2.5    -2.5    34.77
119.5    0.4772  +3.0    -3.0    +2.5    -2.5    34.58
120.0    0.4710  +3.0    -3.0    +2.5    -2.5    34.39
120.1    0.4698  +3.0    -3.0    +2.5    -2.5    34.34
120.2    0.4685  +3.0    -3.0    +2.5    -2.5    34.30
120.3    0.4675  +3.0    -3.0    +2.5    -2.5    34.27
120.4    0.4661  +3.0    -3.0    +2.5    -2.5    34.23
120.5    0.4648  +3.0    -3.0    +2.5    -2.5    34.19
120.6    0.4636  +3.0    -3.0    +2.5    -2.5    34.15
120.7    0.4625  +3.0    -3.0    +2.5    -2.5    34.11
120.8    0.4613  +3.0    -3.0    +2.5    -2.5    34.07
120.9    0.4601  +3.0    -3.0    +2.5    -2.5    34.04
121.0    0.4589  +3.0    -3.0    +2.5    -2.5    34.00
121.1    0.4580  +3.0    -3.0    +2.5    -2.5    33.95
121.2    0.4567  +3.0    -3.0    +2.5    -2.5    33.92
121.3    0.4556  +3.0    -3.0    +2.5    -2.5    33.88
121.4    0.4545  +3.0    -3.0    +2.4    -2.4    33.84
121.5    0.4535  +3.0    -3.0    +2.4    -2.4    33.80
121.6    0.4522  +3.0    -3.0    +2.4    -2.4    33.76
121.7    0.4509  +3.0    -3.0    +2.4    -2.4    33.73
121.8    0.4498  +3.0    -3.0    +2.5    -2.5    33.69
121.9    0.4488  +3.0    -3.0    +2.5    -2.5    33.65
122.0    0.4478  +3.0    -3.0    +2.5    -2.5    33.61
122.1    0.4468  +3.0    -3.0    +2.5    -2.5    33.58
122.2    0.4457  +3.0    -3.0    +2.5    -2.5    33.53
122.3    0.4444  +3.0    -3.0    +2.5    -2.5    33.49
122.4    0.4434  +3.0    -3.0    +2.6    -2.6    33.45
122.5    0.4421  +3.0    -3.0    +2.6    -2.6    33.41
122.6    0.4409  +3.0    -3.0    +2.6    -2.6    33.37
122.7    0.4396  +3.0    -3.0    +2.6    -2.6    33.33
122.8    0.4385  +3.1    -3.1    +2.6    -2.6    33.30
122.9    0.4376  +3.1    -3.1    +2.5    -2.5    33.26
123.0    0.4366  +3.1    -3.1    +2.5    -2.5    33.22
123.1    0.4356  +3.1    -3.1    +2.6    -2.6    33.19
123.2    0.4346  +3.1    -3.1    +2.6    -2.6    33.15
123.3    0.4335  +3.1    -3.1    +2.6    -2.6    33.11
123.4    0.4325  +3.1    -3.1    +2.6    -2.6    33.07
123.5    0.4311  +3.1    -3.1    +2.6    -2.6    33.03
123.6    0.4301  +3.1    -3.1    +2.6    -2.6    32.99
123.7    0.4292  +3.1    -3.1    +2.6    -2.6    32.95
123.8    0.4280  +3.1    -3.1    +2.5    -2.5    32.92
123.9    0.4271  +3.1    -3.1    +2.5    -2.5    32.88
124.0    0.4260  +3.1    -3.1    +2.4    -2.4    32.84
124.1    0.4249  +3.1    -3.1    +2.4    -2.4    32.80
124.2    0.4238  +3.1    -3.1    +2.4    -2.4    32.77
124.3    0.4228  +3.1    -3.1    +2.4    -2.4    32.73
124.4    0.4217  +3.2    -3.2    +2.5    -2.5    32.70
124.5    0.4206  +3.2    -3.2    +2.5    -2.5    32.66
124.6    0.4194  +3.2    -3.2    +2.5    -2.5    32.62
124.7    0.4185  +3.1    -3.1    +2.5    -2.5    32.58
124.8    0.4174  +3.1    -3.1    +2.5    -2.5    32.54
124.9    0.4164  +3.1    -3.1    +2.5    -2.5    32.50
125.0    0.4153  +3.1    -3.1    +2.5    -2.5    32.46
125.1    0.4142  +3.1    -3.1    +2.5    -2.5    32.43
125.2    0.4133  +3.1    -3.1    +2.5    -2.5    32.39
125.3    0.4123  +3.1    -3.1    +2.5    -2.5    32.35
125.4    0.4112  +3.1    -3.1    +2.5    -2.5    32.31
125.5    0.4102  +3.1    -3.1    +2.5    -2.5    32.27
125.6    0.4091  +3.2    -3.2    +2.5    -2.5    32.23
125.7    0.4082  +3.2    -3.2    +2.5    -2.5    32.20
125.8    0.4070  +3.2    -3.2    +2.5    -2.5    32.16
125.9    0.4061  +3.2    -3.2    +2.5    -2.5    32.12
126.0    0.4050  +3.2    -3.2    +2.5    -2.5    32.08
126.1    0.4042  +3.2    -3.2    +2.5    -2.5    32.05
126.2    0.4030  +3.2    -3.2    +2.5    -2.5    32.01
126.3    0.4020  +3.2    -3.2    +2.5    -2.5    31.97
126.4    0.4010  +3.2    -3.2    +2.5    -2.5    31.93
126.5    0.4000  +3.2    -3.2    +2.5    -2.5    31.90
126.6    0.3990  +3.2    -3.2    +2.5    -2.5    31.86
126.7    0.3980  +3.2    -3.2    +2.5    -2.5    31.82
126.8    0.3970  +3.2    -3.2    +2.5    -2.5    31.78
126.9    0.3962  +3.2    -3.2    +2.6    -2.6    31.75
127.0    0.3953  +3.2    -3.2    +2.6    -2.6    31.71
127.1    0.3943  +3.2    -3.2    +2.6    -2.6    31.67
127.2    0.3932  +3.2    -3.2    +2.5    -2.5    31.63
127.3    0.3921  +3.2    -3.2    +2.5    -2.5    31.59
127.4    0.3912  +3.2    -3.2    +2.5    -2.5    31.56
127.5    0.3901  +3.2    -3.2    +2.5    -2.5    31.52
127.6    0.3892  +3.2    -3.2    +2.5    -2.5    31.48
127.7    0.3883  +3.2    -3.2    +2.5    -2.5    31.44
127.8    0.3874  +3.2    -3.2    +2.4    -2.4    31.40
127.9    0.3863  +3.2    -3.2    +2.4    -2.4    31.37
128.0    0.3856  +3.3    -3.3    +2.4    -2.4    31.33
128.1    0.3847  +3.3    -3.3    +2.5    -2.5    31.29
128.2    0.3838  +3.2    -3.2    +2.5    -2.5    31.26
128.3    0.3830  +3.2    -3.2    +2.5    -2.5    31.22
128.4    0.3819  +3.2    -3.2    +2.6    -2.6    31.18
128.5    0.3809  +3.2    -3.2    +2.6    -2.6    31.14
128.6    0.3799  +3.2    -3.2    +2.6    -2.6    31.11
128.7    0.3790  +3.3    -3.3    +2.6    -2.6    31.07
128.8    0.3780  +3.3    -3.3    +2.6    -2.6    31.04
128.9    0.3770  +3.3    -3.3    +2.6    -2.6    31.00
129.0    0.3762  +3.3    -3.3    +2.6    -2.6    30.96
129.1    0.3751  +3.3    -3.3    +2.6    -2.6    30.92
129.2    0.3741  +3.3    -3.3    +2.6    -2.6    30.89
129.3    0.3731  +3.3    -3.3    +2.6    -2.6    30.85
129.4    0.3723  +3.3    -3.3    +2.6    -2.6    30.81
129.5    0.3714  +3.3    -3.3    +2.6    -2.6    30.78
129.6    0.3705  +3.3    -3.3    +2.5    -2.5    30.74
129.7    0.3696  +3.3    -3.3    +2.5    -2.5    30.70
129.8    0.3688  +3.3    -3.3    +2.5    -2.5    30.67
129.9    0.3679  +3.3    -3.3    +2.5    -2.5    30.63
130.0    0.3671  +3.3    -3.3    +2.4    -2.4    30.60
130.5    0.3626  +3.3    -3.3    +2.5    -2.5    30.42
131.0    0.3583  +3.3    -3.3    +2.5    -2.5    30.23
131.5    0.3539  +3.3    -3.3    +2.5    -2.5    30.04
132.0    0.3498  +3.3    -3.3    +2.5    -2.5    29.86
132.5    0.3457  +3.4    -3.4    +2.6    -2.6    29.68
133.0    0.3418  +3.4    -3.4    +2.6    -2.6    29.50
133.5    0.3376  +3.4    -3.4    +2.6    -2.6    29.33
134.0    0.3337  +3.4    -3.4    +2.6    -2.6    29.14
134.5    0.3297  +3.4    -3.4    +2.6    -2.6    28.97
135.0    0.3259  +3.5    -3.5    +2.7    -2.7    28.79
135.5    0.3221  +3.5    -3.5    +2.6    -2.6    28.62
136.0    0.3184  +3.5    -3.5    +2.6    -2.6    28.44
136.5    0.3145  +3.5    -3.5    +2.6    -2.6    28.27
137.0    0.3109  +3.5    -3.5    +2.6    -2.6    28.10
137.5    0.3073  +3.6    -3.6    +2.6    -2.6    27.93
138.0    0.3036  +3.6    -3.6    +2.6    -2.6    27.75
138.5    0.3003  +3.6    -3.6    +2.6    -2.6    27.59
139.0    0.2966  +3.6    -3.6    +2.7    -2.7    27.41
139.5    0.2933  +3.6    -3.6    +2.7    -2.7    27.25
140.0    0.2898  +3.6    -3.6    +2.7    -2.7    27.07
140.5    0.2865  +3.6    -3.6    +2.7    -2.7    26.90
141.0    0.2831  +3.6    -3.6    +2.7    -2.7    26.73
141.5    0.2799  +3.6    -3.6    +2.7    -2.7    26.56
142.0    0.2769  +3.6    -3.6    +2.7    -2.7    26.39
142.5    0.2736  +3.6    -3.6    +2.7    -2.7    26.23
143.0    0.2705  +3.7    -3.7    +2.7    -2.7    26.07
143.5    0.2674  +3.7    -3.7    +2.7    -2.7    25.91
144.0    0.2644  +3.7    -3.7    +2.7    -2.7    25.73
144.5    0.2613  +3.8    -3.8    +2.7    -2.7    25.56
145.0    0.2583  +3.8    -3.8    +2.7    -2.7    25.39
145.5    0.2554  +3.8    -3.8    +2.7    -2.7    25.22
146.0    0.2527  +3.8    -3.8    +2.7    -2.7    25.05
146.5    0.2497  +3.8    -3.8    +2.7    -2.7    24.88
147.0    0.2469  +3.8    -3.8    +2.7    -2.7    24.71
147.5    0.2442  +3.8    -3.8    +2.7    -2.7    24.54
148.0    0.2415  +3.8    -3.8    +2.7    -2.7    24.38
148.5    0.2387  +3.8    -3.8    +2.7    -2.7    24.22
149.0    0.2361  +3.8    -3.8    +2.7    -2.7    24.06
149.5    0.2334  +3.9    -3.9    +2.7    -2.7    23.90
150.0    0.2308  +3.9    -3.9    +2.7    -2.7    23.73
152.0    0.2207  +3.9    -3.9    +2.7    -2.7    23.09
154.0    0.2109  +4.0    -4.0    +2.8    -2.8    22.47
156.0    0.2010  +4.1    -4.1    +2.8    -2.8    21.86
158.0    0.1911  +4.1    -4.1    +2.8    -2.8    21.24
160.0    0.1816  +4.2    -4.2    +2.8    -2.8    20.59
162.0    0.1762  +4.2    -4.2    +2.8    -2.8    20.03
164.0    0.1708  +4.2    -4.2    +2.8    -2.8    19.43
165.0    0.1683  +4.2    -4.2    +2.8    -2.8    19.14
166.0    0.1649  +4.2    -4.2    +2.8    -2.8    18.87
168.0    0.1582  +4.3    -4.3    +2.8    -2.8    18.33
170.0    0.1518  +4.3    -4.3    +2.9    -2.9    17.79
172.0    0.1457  +4.3    -4.3    +2.9    -2.9    17.24
174.0    0.1398  +4.4    -4.4    +2.9    -2.9    16.69
175.0    0.1369  +4.4    -4.4    +2.9    -2.9    16.43
176.0    0.1340  +4.4    -4.4    +2.9    -2.9    16.17
178.0    0.1284  +4.5    -4.5    +2.9    -2.9    15.65
180.0    0.1231  +4.6    -4.6    +2.9    -2.9    15.14
182.0    0.1187  +4.6    -4.6    +2.9    -2.9    14.64
184.0    0.1145  +4.6    -4.6    +2.9    -2.9    14.16
185.0    0.1125  +4.5    -4.5    +2.9    -2.9    13.93
186.0    0.1103  +4.6    -4.6    +3.0    -3.0    13.70
188.0    0.1062  +4.6    -4.6    +3.0    -3.0    13.24
190.0    0.1022  +4.6    -4.6    +3.0    -3.0    12.79
192.0    0.09848     +4.6    -4.6    +3.0    -3.0    12.36
194.0    0.09489     +4.6    -4.6    +3.0    -3.0    11.92
195.0    0.09314     +4.6    -4.6    +3.0    -3.0    11.70
196.0    0.09146     +4.6    -4.6    +3.0    -3.0    11.49
198.0    0.08813     +4.6    -4.6    +3.0    -3.0    11.08
200.0    0.08491     +4.7    -4.7    +3.1    -3.1    10.67
202.0    0.08192     +4.7    -4.7    +3.1    -3.1    10.28
204.0    0.07896     +4.7    -4.7    +3.1    -3.1    9.894
206.0    0.07613     +4.7    -4.7    +3.1    -3.1    9.515
208.0    0.07344     +4.6    -4.6    +3.2    -3.2    9.145
210.0    0.07082     +4.6    -4.6    +3.2    -3.2    8.785
212.0    0.06834     +4.6    -4.6    +3.2    -3.2    8.434
214.0    0.06593     +4.6    -4.6    +3.2    -3.2    8.094
216.0    0.06366     +4.6    -4.6    +3.2    -3.2    7.766
218.0    0.06145     +4.6    -4.6    +3.2    -3.2    7.445
220.0    0.05933     +4.6    -4.6    +3.2    -3.2    7.130
222.0    0.05727     +4.5    -4.5    +3.3    -3.3    6.825
224.0    0.05529     +4.5    -4.5    +3.3    -3.3    6.528
226.0    0.05339     +4.5    -4.5    +3.3    -3.3    6.241
228.0    0.05156     +4.5    -4.5    +3.4    -3.4    5.965
230.0    0.04986     +4.5    -4.5    +3.4    -3.4    5.760
232.0    0.04816     +4.5    -4.5    +3.4    -3.4    5.493
234.0    0.04652     +4.4    -4.4    +3.4    -3.4    5.226
236.0    0.04494     +4.4    -4.4    +3.5    -3.5    4.984
238.0    0.04344     +4.3    -4.3    +3.5    -3.5    4.745
240.0    0.04199     +4.3    -4.3    +3.5    -3.5    4.517
242.0    0.04060     +4.2    -4.2    +3.5    -3.5    4.319
244.0    0.03926     +4.2    -4.2    +3.5    -3.5    4.107
246.0    0.03797     +4.2    -4.2    +3.5    -3.5    3.906
248.0    0.03672     +4.1    -4.1    +3.5    -3.5    3.715
250.0    0.03552     +4.1    -4.1    +3.5    -3.5    3.532
252.0    0.03437     +4.0    -4.0    +3.6    -3.6    3.355
254.0    0.03325     +4.0    -4.0    +3.6    -3.6    3.190
256.0    0.03215     +4.0    -4.0    +3.6    -3.6    3.018
258.0    0.03112     +3.9    -3.9    +3.7    -3.7    2.864
260.0    0.03012     +3.9    -3.9    +3.7    -3.7    2.719
262.0    0.02916     +3.8    -3.8    +3.7    -3.7    2.581
264.0    0.02823     +3.8    -3.8    +3.7    -3.7    2.452
266.0    0.02736     +3.7    -3.7    +3.8    -3.8    2.333
268.0    0.02649     +3.7    -3.7    +3.8    -3.8    2.208
270.0    0.02568     +3.7    -3.7    +3.8    -3.8    2.094
272.0    0.02488     +3.6    -3.6    +3.8    -3.8    1.987
274.0    0.02411     +3.6    -3.6    +3.8    -3.8    1.884
276.0    0.02337     +3.5    -3.5    +3.8    -3.8    1.788
278.0    0.02266     +3.5    -3.5    +3.9    -3.9    1.696
280.0    0.02198     +3.5    -3.5    +3.9    -3.9    1.609
282.0    0.02131     +3.4    -3.4    +3.9    -3.9    1.530
284.0    0.02066     +3.4    -3.4    +3.9    -3.9    1.447
286.0    0.02004     +3.4    -3.4    +3.9    -3.9    1.372
288.0    0.01945     +3.3    -3.3    +4.0    -4.0    1.300
290.0    0.01887     +3.3    -3.3    +4.0    -4.0    1.231
292.0    0.01830     +3.2    -3.2    +4.0    -4.0    1.167
294.0    0.01777     +3.2    -3.2    +4.0    -4.0    1.107
296.0    0.01725     +3.2    -3.2    +4.1    -4.1    1.049
298.0    0.01675     +3.1    -3.1    +4.1    -4.1    0.9953
300.0    0.01627     +3.1    -3.1    +4.1    -4.1    0.9462
305.0    0.01513     +3.0    -3.0    +4.2    -4.2    0.8255
310.0    0.01408     +2.9    -2.9    +4.2    -4.2    0.7207
315.0    0.01311     +2.9    -2.9    +4.3    -4.3    0.6296
320.0    0.01221     +2.8    -2.8    +4.3    -4.3    0.5500
325.0    0.01139     +2.8    -2.8    +4.3    -4.3    0.4818
330.0    0.01063     +2.7    -2.7    +4.4    -4.4    0.4229
335.0    0.009912    +2.7    -2.7    +4.4    -4.4    0.3722
340.0    0.009251    +2.7    -2.7    +4.5    -4.5    0.3288
345.0    0.008625    +2.6    -2.6    +4.5    -4.5    0.2943
350.0    0.008056    +2.6    -2.6    +4.5    -4.5    0.2680
360.0    0.007150    +2.7    -2.7    +4.7    -4.7    0.2290
370.0    0.006364    +2.7    -2.7    +4.9    -4.9    0.2010
380.0    0.005684    +2.8    -2.8    +5.0    -5.0    0.1810
390.0    0.005090    +2.8    -2.8    +5.0    -5.0    0.1653
400.0    0.004568    +2.8    -2.8    +5.0    -5.0    0.1531
