#mH (GeV) 	GammaH (GeV) 	+width % 	-width % 
80	0.00199	5.289497472	5.242938411
81	0.00201	5.284461201	5.208853803
82	0.00204	5.284497468	5.235571657
83	0.00206	5.287492134	5.200919668
84	0.00208	5.29332315	5.239358223
85	0.00211	5.291357657	5.206627105
86	0.00213	5.252145054	5.233179107
87	0.00215	5.29483398	5.205053319
88	0.00218	5.224447833	5.23740774
89	0.0022	5.284553933	5.168347824
90	0.00222	5.247363036	5.20591994
91	0.00225	5.254278016	5.171266421
92	0.00227	5.203010094	5.210170985
93	0.0023	5.178473793	5.209028905
94	0.00232	5.199995438	5.207162269
95	0.00235	5.211553399	5.139869428
96	0.00237	5.197494379	5.17175973
97	0.0024	5.166287957	5.167701212
98	0.00243	5.162597102	5.130494604
99	0.00246	5.160052624	5.155080847
100	0.00248	5.134111782	5.109332514
101	0.00251	5.145132429	5.082134552
102	0.00254	5.128778978	5.063004214
103	0.00258	5.113508989	5.06382243
104	0.00261	5.050549179	5.095614709
105	0.00264	5.085963546	5.000326068
106	0.00268	5.017662331	5.000092675
107	0.00272	5.026485429	4.953118527
108	0.00276	4.964617974	4.942756145
109	0.0028	4.910908934	4.938400478
110	0.00285	4.916345841	4.882791989
110.5	0.00287	4.86546062	4.887922072
111	0.00289	4.892539738	4.821170047
111.5	0.00292	4.854589985	4.800203641
112	0.00295	4.814457412	4.803321855
112.5	0.00297	4.815133558	4.772809272
113	0.003	4.791806278	4.726084071
113.5	0.00303	4.748939338	4.752185492
114	0.00306	4.739500454	4.692308164
114.5	0.00309	4.698889211	4.687650773
115	0.00312	4.685723151	4.662241875
115.5	0.00315	4.656210887	4.640305215
116	0.00319	4.632250018	4.596350577
116.5	0.00322	4.595676314	4.55868147
117	0.00326	4.54907818	4.566170343
117.5	0.0033	4.507549228	4.533664188
118	0.00333	4.497228014	4.485758657
118.5	0.00338	4.459027793	4.450319593
119	0.00342	4.427549717	4.402261724
119.5	0.00346	4.407011457	4.388313781
120	0.00351	4.360865269	4.33175037
120.1	0.00352	4.361743517	4.337212969
120.2	0.00352	4.351445744	4.316400667
120.3	0.00353	4.327995206	4.320701246
120.4	0.00354	4.331819166	4.305958683
120.5	0.00355	4.319070533	4.302655393
120.6	0.00356	4.330849251	4.29233792
120.7	0.00357	4.321471611	4.279858573
120.8	0.00358	4.287949511	4.272333538
120.9	0.00359	4.27793242	4.276086145
121	0.0036	4.284222684	4.250198772
121.1	0.00361	4.272772593	4.248297151
121.2	0.00362	4.280806118	4.229734733
121.3	0.00363	4.272074271	4.231685265
121.4	0.00364	4.250315159	4.250183488
121.5	0.00365	4.249628353	4.231756678
121.6	0.00366	4.255238223	4.202355351
121.7	0.00367	4.243508248	4.211094133
121.8	0.00368	4.232824357	4.191477564
121.9	0.00369	4.209107898	4.198325886
122	0.00371	4.207003449	4.189379039
122.1	0.00372	4.194790794	4.191202455
122.2	0.00373	4.184876486	4.179383277
122.3	0.00374	4.175681053	4.174718648
122.4	0.00375	4.177715529	4.14867299
122.5	0.00376	4.167789778	4.135604901
122.6	0.00377	4.187516578	4.132129765
122.7	0.00378	4.137844535	4.140494827
122.8	0.00379	4.169830116	4.105142359
122.9	0.00381	4.12529231	4.119081423
123	0.00382	4.152358112	4.083134125
123.1	0.00383	4.132606029	4.08710611
123.2	0.00384	4.11782343	4.077510715
123.3	0.00385	4.084555145	4.093180558
123.4	0.00386	4.094933435	4.081995376
123.5	0.00388	4.093023987	4.054943601
123.6	0.00389	4.092452376	4.044949206
123.7	0.0039	4.082830947	4.022903237
123.8	0.00391	4.04682956	4.053720398
123.9	0.00393	4.052452635	4.016743336
124	0.00394	4.040173715	4.033065692
124.1	0.00395	4.032354232	4.010449401
124.2	0.00396	4.027895688	3.971014931
124.3	0.00398	4.017402644	3.999955806
124.4	0.00399	4.006336059	3.989649949
124.5	0.004	4.012701657	3.97862494
124.6	0.00402	3.987090063	3.969127343
124.7	0.00403	3.972492559	3.957154767
124.8	0.00404	3.993044922	3.946704838
124.9	0.00406	3.949908943	3.9374487
125	0.00407	3.970105165	3.926240914
125.1	0.00408	3.943368763	3.914763336
125.2	0.0041	3.949154242	3.903013799
125.3	0.00411	3.938589028	3.892612034
125.4	0.00412	3.926381106	3.89041225
125.5	0.00414	3.917036373	3.878603981
125.6	0.00415	3.90562459	3.860795622
125.7	0.00417	3.892163971	3.865254264
125.8	0.00418	3.88196096	3.839804908
125.9	0.0042	3.87882022	3.843052095
126	0.00421	3.865933666	3.834393638
126.1	0.00423	3.856126939	3.840387009
126.2	0.00424	3.845324423	3.829632477
126.3	0.00426	3.826287958	3.815275301
126.4	0.00427	3.815563657	3.802999886
126.5	0.00429	3.804795911	3.791751518
126.6	0.0043	3.806892284	3.777888412
126.7	0.00432	3.80429698	3.771030826
126.8	0.00433	3.769993442	3.768227562
126.9	0.00435	3.773319922	3.744189269
127	0.00436	3.756716183	3.746358324
127.1	0.00438	3.753087725	3.720989222
127.2	0.0044	3.750932389	3.724474042
127.3	0.00441	3.729591389	3.730090331
127.4	0.00443	3.729743451	3.702947462
127.5	0.00445	3.702222981	3.715388127
127.6	0.00446	3.698964011	3.693892955
127.7	0.00448	3.718404236	3.656732149
127.8	0.0045	3.670724813	3.682327554
127.9	0.00451	3.670386296	3.67351445
128	0.00453	3.668662836	3.642034484
128.1	0.00455	3.656945512	3.640795982
128.2	0.00457	3.665110146	3.613917143
128.3	0.00458	3.641611108	3.614608133
128.4	0.0046	3.632813984	3.601937106
128.5	0.00462	3.621539903	3.592368686
128.6	0.00464	3.619088681	3.573818667
128.7	0.00465	3.62230201	3.548063445
128.8	0.00467	3.589075205	3.565436478
128.9	0.00469	3.568497116	3.563998891
129	0.00471	3.573999928	3.543155693
129.1	0.00473	3.562593169	3.533962208
129.2	0.00475	3.546885426	3.52868609
129.3	0.00477	3.53427841	3.514485025
129.4	0.00479	3.528888723	3.503052612
129.5	0.00481	3.510882722	3.499307214
129.6	0.00483	3.501760961	3.485245898
129.7	0.00485	3.47778031	3.489860408
129.8	0.00487	3.493663782	3.465071069
129.9	0.00489	3.476000863	3.456350658
130	0.00491	3.46428104	3.440322726
130.5	0.00501	3.409835984	3.399282954
131	0.00512	3.368817543	3.328840236
131.5	0.00523	3.31427771	3.280554105
132	0.00535	3.25609771	3.234917734
132.5	0.00548	3.219984917	3.170567196
133	0.0056	3.169976727	3.125200997
133.5	0.00574	3.10496966	3.066002697
134	0.00588	3.052276536	3.016938731
134.5	0.00603	2.989637204	2.974360408
135	0.00618	2.92714439	2.926916672
135.5	0.00634	2.891416004	2.855665337
136	0.00651	2.817994771	2.814439245
136.5	0.00669	2.774498067	2.763018624
137	0.00687	2.728240846	2.700099874
137.5	0.00706	2.671535903	2.654749916
138	0.00726	2.605431799	2.606776619
138.5	0.00747	2.561483915	2.542700425
139	0.0077	2.524894356	2.497172177
139.5	0.00793	2.455026813	2.434721841
140	0.00817	2.40917929	2.390261715
140.5	0.00843	2.349371038	2.34610306
141	0.0087	2.294366487	2.290619959
141.5	0.00898	2.247949061	2.244540035
142	0.00928	2.194769145	2.181130377
142.5	0.00959	2.154326418	2.123000739
143	0.00992	2.079031806	2.083021227
143.5	0.0103	2.030306722	2.030906193
144	0.0106	1.983524675	1.981529164
144.5	0.011	1.940430556	1.945726394
145	0.0114	1.907740564	1.877786478
145.5	0.0119	1.835083499	1.863832744
146	0.0123	1.803144742	1.782694328
146.5	0.0128	1.767763886	1.742578638
147	0.0133	1.729856381	1.687995556
147.5	0.0139	1.675389903	1.671850948
148	0.0145	1.635467844	1.60158653
148.5	0.0151	1.567438329	1.578222995
149	0.0158	1.531207272	1.540012205
149.5	0.0165	1.502427758	1.481927022
150	0.0173	1.446718409	1.448261117
152	0.0211	1.283210781	1.288320852
154	0.0266	1.127117314	1.131945238
156	0.0351	1.014684547	0.984919624
158	0.0502	0.845193843	0.842928162
160	0.0831	0.716267349	0.714563213
162	0.147	0.637475259	0.635391661
164	0.215	0.603025769	0.603296415
165	0.246	0.595491056	0.59387856
166	0.276	0.588777399	0.586955599
168	0.33	0.579484055	0.579825747
170	0.38	0.573022137	0.573859325
172	0.429	0.569952796	0.568851286
174	0.477	0.566111915	0.566089553
175	0.501	0.564743506	0.564493063
176	0.525	0.563573528	0.562561256
178	0.575	0.560498905	0.561678075
180	0.631	0.558051784	0.559410493
182	0.7	0.556534105	0.55582067
184	0.788	0.554358676	0.554508351
185	0.832	0.553123473	0.553625267
186	0.876	0.551660508	0.552534747
188	0.96	0.55090793	0.551063806
190	1.04	0.549717348	0.549444598
192	1.12	0.548873186	0.54882056
194	1.2	0.547660572	0.547879162
195	1.24	0.547084974	0.547754885
196	1.28	0.548039529	0.546851926
198	1.35	0.546220609	0.546898474
200	1.43	0.546034473	0.547290084
202	1.51	0.544088755	0.546075049
204	1.59	0.54381748	0.545053553
206	1.68	0.544739332	0.54485237
208	1.76	0.544520757	0.543680122
210	1.85	0.5439148	0.543655014
212	1.93	0.543338512	0.543304484
214	2.02	0.544421819	0.543194158
216	2.12	0.542231718	0.54408307
218	2.21	0.542671418	0.543346473
220	2.31	0.541586046	0.543076283
222	2.4	0.540693592	0.541730408
224	2.5	0.543329476	0.54176476
226	2.61	0.541481627	0.541750856
228	2.71	0.537614357	0.544521403
230	2.82	0.540902291	0.541530995
232	2.93	0.540675748	0.54088587
234	3.04	0.539994611	0.541289384
236	3.16	0.540295641	0.540316162
238	3.27	0.539719798	0.540625008
240	3.4	0.539540012	0.540356756
242	3.52	0.539171987	0.540170248
244	3.64	0.538656497	0.540602543
246	3.77	0.538494763	0.539737919
248	3.91	0.538491044	0.539128695
250	4.04	0.537940937	0.538720039
252	4.18	0.538050582	0.538680509
254	4.32	0.537399909	0.538862581
256	4.46	0.537250934	0.538902559
258	4.61	0.537045915	0.538717689
260	4.76	0.537295405	0.537901465
262	4.91	0.535793949	0.537136623
264	5.07	0.536219777	0.536885028
266	5.23	0.535606155	0.535410259
268	5.39	0.533955028	0.537575991
270	5.55	0.534959131	0.535544996
272	5.72	0.534721812	0.534936479
274	5.89	0.533671516	0.534953364
276	6.07	0.533753323	0.53411279
278	6.25	0.532262144	0.534131649
280	6.43	0.531992671	0.533308349
282	6.61	0.53119156	0.532492214
284	6.8	0.530583533	0.531784469
286	6.99	0.530278052	0.531152419
288	7.19	0.529446227	0.531209753
290	7.39	0.527862219	0.530953178
292	7.59	0.528267476	0.529570095
294	7.79	0.524653373	0.528717674
296	8	0.524301751	0.528266546
298	8.22	0.524487706	0.526175837
300	8.43	0.52355364	0.52353976
305	8.99	0.520778871	0.522241307
310	9.57	0.512126246	0.516858086
315	10.2	0.508310798	0.512349431
320	10.8	0.508197863	0.520539245
325	11.4	0.521194926	0.539732137
330	12.1	0.542784807	0.574865861
335	12.8	0.578982242	0.648482594
340	13.5	0.655015607	0.734540622
345	14.2	1.990667555	0.520512918
350	15.2	2.955749126	1.972649597
360	17.6	3.095198615	3.064961329
370	20.2	2.97697238	3.042244739
380	23.1	2.803977804	2.896209544
390	26.1	2.617064702	2.725564695
400	29.2	2.450861216	2.536407549
420	35.9	2.135346746	2.21969731
440	43	1.875181979	1.95535625
450	46.8	1.764014042	1.848148894
460	50.8	1.675184782	1.730255786
480	59.1	1.50956618	1.561717822
500	68	1.960871071	2.004248815
520	77.5	2.158734745	2.190225562
540	87.7	2.412469983	2.429019513
550	93	2.534361422	2.550668827
560	98.6	2.654645488	2.677932669
580	110	2.900309981	2.927626734
600	123	3.183525439	3.179602045
620	136	3.462897081	3.48418677
640	150	3.783837733	3.78198538
650	158	3.938992541	3.939610792
660	165	4.10536974	4.122408488
680	182	4.489118474	4.48795867
700	199	4.881053087	4.881487762
720	217	5.333154687	5.32467925
740	237	5.800765707	5.813792391
750	247	6.056466783	6.069059096
760	258	6.328566664	6.325969829
780	280	6.899625186	6.901321236
800	304	7.525339194	7.522949558
820	330	8.194343946	8.201421766
840	357	8.925993428	8.921111359
850	371	9.309230152	9.304996641
860	386	9.710408702	9.705744492
880	416	10.5581234	10.55426299
900	449	11.46873959	11.46700084
920	484	12.4464617	12.4465593
940	521	13.49650193	13.49326273
950	540	14.04844848	14.0450015
960	560	14.61957614	14.61576277
980	602	15.81765678	15.81501588
1000	647	17.09562814	17.09224975
